# Priklad 5

a <- 0
b <- 10

x <- seq (a-10, b+10, by = 0.01)
dunif (x, a, b)
